0 0 0 0 0 0 0 0 0 0 0 0 0 0 0 0 0 0 0 0 0 0 0 0 0 0 0 0
0 0 0 0 0 0 0 0 0 0 0 0 0 0 0 0 0 0 0 0 0 0 0 0 0 0 0 0
0 0 0 0 0 0 0 0 0 0 0 0 0 0 0 0 0 0 0 0 0 0 0 0 0 0 0 0
0 0 0 0 0 0 0 0 0 0 0 0 0 0 0 0 0 0 0 0 0 0 0 0 0 0 0 0
0 0 0 0 0 0 0 0 0 0 0 0 0 0 0 0 0 0 0 0 0 0 0 0 0 0 0 0
0 0 0 0 0 0 0 0 0 0 0 0 0 26 92 166 253 253 255 203 19 0 0 0 0 0 0 0
0 0 0 0 0 0 0 0 0 0 0 38 144 243 253 240 196 145 153 252 187 7 0 0 0 0 0 0
0 0 0 0 0 0 0 0 0 0 147 234 252 252 106 43 0 0 16 215 252 153 76 0 0 0 0 0
0 0 0 0 0 0 0 0 0 51 253 252 164 40 0 0 0 0 128 252 252 252 238 38 0 0 0 0
0 0 0 0 0 0 0 0 0 176 255 197 0 0 0 0 0 76 254 253 253 253 101 0 0 0 0 0
0 0 0 0 0 0 0 0 0 225 253 208 13 0 0 0 0 175 228 252 252 202 0 0 0 0 0 0
0 0 0 0 0 0 0 0 0 50 253 252 171 10 0 0 67 85 178 252 252 28 0 0 0 0 0 0
0 0 0 0 0 0 0 0 0 0 203 252 252 228 114 188 246 252 253 252 214 15 0 0 0 0 0 0
0 0 0 0 0 0 0 0 0 51 163 163 210 253 254 253 253 253 251 200 25 0 0 0 0 0 0 0
0 0 0 0 0 0 0 0 0 0 0 0 110 252 253 252 252 202 75 0 0 0 0 0 0 0 0 0
0 0 0 0 0 0 0 0 0 0 0 45 240 252 253 252 99 6 255 0 0 0 0 0 0 0 0 0
0 0 0 0 0 0 0 0 0 0 0 0 252 252 253 252 56 255 0 0 0 0 0 0 0 0 0 0
0 0 0 0 0 0 0 0 0 0 0 0 0 0 0 0 0 0 255 255 0 0 0 0 0 0 0 0
0 0 0 0 0 0 0 0 0 0 0 0 0 9 0 0 0 0 0 255 0 0 0 0 0 0 0 0
0 0 0 0 0 0 0 0 0 0 0 0 0 0 0 0 0 116 255 255 0 0 0 0 0 0 0 0
0 0 0 0 0 0 0 0 0 0 0 9 0 0 0 0 252 139 255 0 0 0 0 0 0 0 0 0
0 0 0 0 0 0 0 0 0 0 0 0 0 0 0 253 253 128 0 0 0 0 0 0 0 0 0 0
0 0 0 0 0 0 0 0 0 0 0 19 0 0 0 252 252 28 0 0 0 0 0 0 0 0 0 0
0 0 0 0 0 0 0 0 0 0 0 0 0 0 0 233 130 255 0 0 0 0 0 0 0 0 0 0
0 0 0 0 0 0 0 0 0 0 0 0 0 0 0 109 255 255 0 0 0 0 0 0 0 0 0 0
0 0 0 0 0 0 0 0 0 0 0 0 0 0 0 255 255 255 0 0 0 0 0 0 0 0 0 0
0 0 0 0 0 0 0 0 0 0 0 0 0 0 0 255 255 255 0 0 0 0 0 0 0 0 0 0
0 0 0 0 0 0 0 0 0 0 0 0 0 0 0 255 255 0 0 0 0 0 0 0 0 0 0 0